R1£º
[0.9964281244193185, 0.01761886409216532, -0.08258673316157458;
 -0.01835027687659034, 0.9997987632007339, -0.008105580845021708;
 0.08242730254443485, 0.009592118138582127, 0.9965509174472039]
R2£º
[0.9893723460380307, 0.004018980096082603, -0.1453485765124332;
 -0.002907062204985723, 0.9999648715224242, 0.007861597196361113;
 0.1453750662408781, -0.007355509508442017, 0.9893492743188987]
P1£º
[7853.763783384693, 0, 1880.320693969727, 0;
 0, 7853.763783384693, 975.7595367431641, 0;
 0, 0, 1, 0]
P2£º
[7853.763783384693, 0, 2387.74698638916, -576124.0636279169;
 0, 7853.763783384693, 975.7595367431641, 0;
 0, 0, 1, 0]
Q£º
[1, 0, 0, -1880.320693969727;
 0, 1, 0, -975.7595367431641;
 0, 0, 0, 7853.763783384693;
 0, 0, 0.01363207038068967, 6.917270931274134]
